1 a1.medium 1 1 2 500 10 4400 0.0255 0.02 0.02
2 a1.large 1 2 4 500 10 8800 0.051 0.02 0.02
3 a1.xlarge 1 4 8 500 10 17600 0.102 0.02 0.02
4 a1.2xlarge 1 8 16 500 10 35200 0.204 0.02 0.02
5 a1.4xlarge 1 16 32 500 10 70400 0.408 0.02 0.02
6 m6g.large 2 2 8 500 10 8800 0.077 0.02 0.02
7 m6g.xlarge 2 4 16 500 10 17600 0.154 0.02 0.02
8 m6g.2xlarge 2 8 32 500 10 35200 0.308 0.02 0.02
9 m6g.4xlarge 2 16 64 500 10 70400 0.616 0.02 0.02
10 m6g.8xlarge 2 32 128 500 10 140800 1.232 0.02 0.02
11 m5.xlarge 3 4 16 500 10 17600 0.192 0.02 0.02
12 m5.2xlarge 3 8 32 500 10 35200 0.384 0.02 0.02
13 m5.4xlarge 3 16 64 500 10 70400 0.768 0.02 0.02
14 m5.8xlarge 3 32 128 500 10 140800 1.536 0.02 0.02
15 m5.12xlarge 3 48 192 500 10 211200 2.304 0.02 0.02
16 m6i.4xlarge 4 16 64 500 12.5 70400 0.768 0.02 0.02
17 m6i.8xlarge 4 32 128 500 12.5 140800 1.536 0.02 0.02
18 m6i.12xlarge 4 48 192 500 18.75 211200 2.304 0.02 0.02
19 m6i.16xlarge 4 64 256 500 25 281600 3.072 0.02 0.02
20 m6i.24xlarge 4 96 384 500 37.5 422400 4.608 0.02 0.02